# Created by Octave 5.2.0, Sat Apr 02 00:08:36 2022 CDT <arjan@arjan-hidden-computername>
# name: a
# type: scalar
3


